0S,0C
3083 1
3121 1
2831 1
2821 1
3217 1
3745 1
3749 1
4013 1
3999 1
2479 1
3291 1
3311 1
2999 1
2741 1
2729 1
3169 1
3109 1
3267 1
3051 1
3350 1
2619 1
3095 1
3562 1
3638 1
3411 1
3582 1
3269 1
3254 1
3534 1
3531 1
3214 1
2771 1
3225 1
3260 1
3056 1
2948 1
2481 1
3344 1
3528 1
3528 1
3637 1
3630 1
3561 1
3599 1
3329 1
2751 1
3360 1
3029 1
3449 1
3405 1
3384 1
3335 1
3629 1
4170 1
4171 1
4477 1
3402 1
3394 1
3390 1
3422 1
5307 1
2179 1
3452 1
3593 1
3112 1
3423 1
3160 1
3211 1
2466 1
2854 1
3355 1
3384 1
3104 1
3389 1
3378 1
3898 1
3407 1
3126 1
2986 1
3302 1
3023 1
3305 1
3015 1
2643 1
3175 1
3116 1
3135 1
3117 1
3146 1
3244 1
3835 1
3157 1
3497 1
